# Advent of Code Day 15 part 1

# The idea of how to tackle this problem came from Dijkstra's algorithm
# The following youtube video about dijkstra's algorthm was used to create my own attempt of the algorithm
#https://www.youtube.com/watch?v=i9EUcC4Mwsc


# this function is used to add an item quickly to the temporaryitem list. The temporaryitem list is used to keep track of the potiental paths, where each path is coming from and the total of that new potiental path. Originx and y are the location of where that path previously came from. newy and x are its current position and total is the total cost it would take to move to that location.
def tempadd(originy,originx,newy,newx,total):
  temporaryitems.append([[originy,originx],[newy,newx],total])

# this function checks for the lowest total from all the temporaryitems. Whichever path is the cheapest will later be removed from that list and made into a permanent location. Later in the code, it will set that location as the total and then search through all of temporary list to remove any paths that lead to the location because the shortest path to that location has already been found and those potential paths are no longer needed.
def checkforlowest():
  global newshortestpath
  global min
  min = temporaryitems[0][2]
  newshortestpath = temporaryitems[0][1]
  for x in range(len(temporaryitems)):
    if temporaryitems[x][2] < min:
      min = temporaryitems[x][2]
      newshortestpath = temporaryitems[x][1]


#list to hold all the potiental new paths
temporaryitems = []
#used to hold the new permanent location
newshortestpath = []
#used with newshortestpath to keep track of what its total is
min = 0

# the following code is used to set up the mapping. Shortmap will be instantated with very high values and will be used to keep track of the total cost to get to that location. Cavemap is the inputs from advent of code and so it will be used to add to the totals of every path. Cavemap is a tuple because we have no need to change it.
shortmap = []

for y in range(100):
  empty=[]
  for x in range(100):
    empty.append(1e25)
  shortmap.append(empty)  
shortmap[0][0] = 0

cavemap = ([3,9,8,7,7,4,7,8,6,6,9,1,2,3,7,2,3,7,8,6,9,9,5,8,9,1,1,1,6,9,1,6,8,5,9,8,7,9,2,7,6,5,5,7,8,1,7,3,1,1,2,9,8,9,1,9,9,3,4,1,7,9,9,1,5,4,9,7,5,1,2,9,9,5,1,9,1,6,3,1,9,9,6,1,4,1,3,5,9,9,2,2,8,8,2,5,9,9,1,5],
[1,2,9,8,4,6,8,6,4,7,9,9,5,8,1,8,5,8,3,7,8,6,6,1,2,2,7,6,6,8,9,6,2,3,2,4,8,1,8,5,3,5,7,6,9,4,4,2,9,7,1,2,9,6,4,8,3,3,8,9,8,9,3,2,1,8,9,5,6,1,8,2,6,1,2,8,6,9,9,5,7,7,8,4,7,1,2,8,1,9,6,5,2,8,8,9,7,6,1,9],
[9,8,3,7,3,1,1,3,7,9,1,9,1,9,9,9,5,1,9,1,1,5,6,8,2,4,5,4,5,9,7,1,1,8,5,3,7,6,1,3,4,8,3,1,8,1,9,1,5,5,8,6,3,9,4,7,3,2,4,7,3,7,7,2,9,9,4,2,9,8,9,9,7,6,3,9,6,6,1,5,1,7,1,6,1,9,7,2,8,8,7,3,9,8,1,2,1,9,8,8],
[7,6,6,8,5,9,9,9,5,2,9,4,6,7,1,2,5,5,6,3,4,1,8,4,3,2,7,1,1,1,5,8,7,8,9,1,8,7,1,9,3,6,6,6,4,8,1,1,2,6,1,9,8,9,5,6,8,6,7,2,9,8,2,8,2,5,6,1,7,8,9,9,8,8,6,3,2,9,8,5,1,2,9,2,9,7,1,8,7,1,4,7,1,5,3,9,2,9,1,9],
[1,9,2,9,8,5,3,3,1,7,8,7,5,4,9,4,1,3,7,8,2,1,1,9,6,6,6,6,8,9,1,5,9,2,7,9,4,1,8,9,9,8,9,9,8,8,8,1,7,8,8,9,4,7,9,9,9,1,9,8,9,7,2,9,3,1,3,1,8,6,9,8,1,8,2,4,4,9,7,9,8,9,7,5,2,4,1,7,2,7,9,2,1,8,8,7,7,6,6,3],
[5,9,2,4,6,3,9,1,2,3,2,3,4,7,8,7,6,1,9,9,2,9,1,2,1,4,1,4,9,9,7,5,1,7,9,8,1,4,8,5,1,1,9,8,7,7,8,5,1,6,1,8,3,7,3,2,4,9,6,4,9,5,8,7,6,2,1,9,9,1,7,7,1,2,8,1,8,2,2,3,6,9,8,4,8,9,6,9,1,4,9,5,8,3,6,9,7,5,1,7],
[7,8,1,9,8,9,6,5,1,8,7,9,5,9,7,3,7,9,5,1,8,6,5,7,7,3,9,6,1,9,8,8,3,6,3,1,9,2,4,8,9,1,4,9,9,6,9,9,7,8,8,9,9,9,2,9,4,4,4,3,7,9,5,1,8,3,7,6,1,9,2,8,9,4,2,8,9,9,5,1,6,7,5,2,5,1,5,2,9,4,5,1,5,1,1,2,4,4,5,2],
[7,3,2,9,4,1,5,9,3,2,4,3,2,1,1,7,4,6,1,2,7,9,9,8,7,7,7,3,7,9,9,8,1,1,8,6,7,6,9,9,8,6,6,8,5,8,1,1,9,2,5,9,9,8,3,6,9,4,7,1,9,3,8,1,9,1,2,4,3,7,1,1,8,8,2,8,9,1,5,6,7,5,1,3,8,9,9,9,6,8,9,9,1,6,4,9,2,3,1,2],
[4,8,9,2,2,7,1,9,5,3,7,4,1,9,4,4,1,1,9,4,5,3,1,5,9,7,1,1,8,7,3,3,9,7,7,4,8,5,2,9,8,9,8,2,9,1,7,9,1,9,9,9,9,9,1,7,6,7,9,7,1,2,7,7,9,9,9,4,1,2,9,9,2,4,2,1,7,6,9,2,8,1,5,5,9,9,2,9,8,8,8,7,6,3,6,9,1,9,7,1],
[4,4,9,5,9,5,6,5,6,6,7,9,3,7,3,9,9,7,1,9,3,1,8,7,5,5,4,8,6,9,9,4,8,7,9,9,9,2,7,7,2,5,9,8,9,7,3,8,3,5,6,2,9,3,5,2,9,2,1,8,6,5,1,1,9,6,8,8,3,7,9,2,3,9,6,9,2,1,5,1,7,6,9,9,6,3,4,7,8,8,7,7,6,8,9,8,9,9,7,1],
[1,1,3,2,4,8,8,4,1,4,4,3,3,7,8,9,4,7,3,4,4,2,9,6,8,9,8,8,7,9,9,4,9,9,8,3,1,9,5,8,1,5,7,9,9,6,7,9,6,8,4,7,1,6,9,8,3,1,6,2,2,2,5,7,9,9,6,9,8,1,2,3,8,5,5,1,5,9,7,8,8,4,1,7,1,1,1,4,7,7,2,9,6,7,9,8,8,6,9,7],
[2,7,4,1,9,1,3,2,9,8,2,4,9,9,1,9,1,7,3,9,7,5,5,8,8,9,9,9,6,6,9,5,2,3,3,3,6,1,8,4,9,1,2,6,6,8,9,5,8,3,9,1,9,4,3,9,5,9,9,4,2,8,1,7,7,8,1,5,3,9,2,9,2,8,3,9,7,9,7,3,8,9,9,7,6,2,2,5,6,9,9,5,2,5,8,9,3,3,2,6],
[4,8,8,8,4,9,7,9,6,7,8,1,9,5,3,9,5,9,8,2,5,7,1,5,2,9,8,1,1,5,9,8,8,1,2,6,7,8,9,9,2,6,2,7,9,8,1,7,6,6,6,1,1,1,9,9,1,9,8,5,5,2,4,3,3,9,9,7,9,5,5,9,4,1,7,1,1,7,1,3,6,3,6,8,9,6,9,3,1,8,5,6,5,6,5,9,3,1,9,4],
[3,9,5,3,3,9,8,9,2,8,7,3,4,3,2,8,1,9,2,8,7,7,4,9,1,4,9,6,1,2,1,2,9,1,9,6,9,9,4,9,6,1,2,6,8,2,9,8,8,2,1,8,2,1,9,2,8,9,1,4,1,7,1,9,8,7,1,7,4,8,4,5,3,1,1,9,8,3,9,8,9,7,1,5,7,1,8,4,2,9,9,3,5,9,2,9,1,9,1,3],
[1,9,4,2,7,2,1,8,4,3,8,9,1,4,7,9,9,4,8,7,8,9,3,3,3,7,1,9,3,6,1,6,9,3,8,4,3,1,6,9,7,9,1,9,1,9,7,6,3,9,9,7,2,7,5,9,9,7,2,2,7,1,3,9,7,8,2,3,9,8,2,8,3,8,7,8,9,9,4,1,4,4,3,2,9,9,9,1,9,6,1,2,1,6,9,5,8,7,2,9],
[3,2,1,2,9,7,4,4,6,3,6,9,5,8,3,2,8,4,5,9,5,1,8,1,9,1,3,1,7,9,1,5,2,5,6,5,8,1,2,9,5,7,7,2,1,9,3,3,5,9,4,8,4,6,7,9,3,6,9,6,1,8,4,7,1,9,1,9,7,6,9,1,6,7,2,5,5,9,6,9,1,7,8,9,7,9,9,3,8,2,8,2,6,8,3,3,4,6,8,9],
[5,2,9,9,6,4,2,8,9,9,5,9,7,9,7,6,9,9,1,1,1,3,9,1,1,8,9,1,3,3,7,3,7,6,8,7,6,5,1,3,1,1,6,1,9,1,9,4,2,5,1,4,7,6,8,5,9,8,7,1,9,3,9,1,6,9,8,6,5,5,6,2,8,7,7,9,9,9,3,2,6,8,5,1,3,1,9,1,9,1,4,3,4,9,1,7,9,9,2,8],
[8,8,2,1,6,9,7,7,6,5,6,4,8,9,7,1,7,2,4,9,6,2,6,1,3,2,9,5,7,6,4,1,5,4,9,8,2,8,2,6,7,7,1,5,9,9,1,5,9,9,9,9,9,4,3,4,9,6,5,9,1,9,2,9,4,2,9,2,8,2,5,1,1,3,6,8,3,9,6,1,1,8,8,8,2,6,7,8,3,4,2,1,8,8,1,7,8,9,1,6],
[1,3,2,2,3,1,9,5,6,7,7,2,7,9,2,2,3,9,8,7,1,7,9,9,1,8,1,4,9,5,8,9,9,7,1,5,9,4,6,9,7,1,3,4,9,9,6,2,1,7,1,1,7,2,5,5,9,4,9,1,9,4,7,7,3,9,8,8,3,9,8,2,8,9,9,9,7,9,9,1,8,1,5,7,3,2,8,9,7,8,1,8,9,7,1,1,4,7,3,7],
[5,3,5,7,3,9,4,8,9,6,8,2,1,9,7,7,6,8,9,5,2,1,8,9,3,9,9,5,3,3,1,8,7,3,9,5,9,7,2,5,3,6,1,1,3,3,7,5,7,9,5,5,7,9,3,5,8,1,9,8,9,8,9,4,8,9,2,5,5,1,5,2,6,8,3,3,1,4,8,4,6,4,4,3,8,9,7,9,8,6,2,9,1,8,5,5,6,9,4,8],
[7,7,4,4,1,7,2,5,8,9,7,6,4,6,9,6,8,5,6,9,8,1,5,9,1,5,8,7,4,6,9,8,8,1,1,9,1,2,3,9,6,8,3,7,9,8,6,2,5,6,4,7,1,7,4,3,8,6,1,7,4,9,7,5,4,1,9,8,4,7,1,2,3,9,2,3,8,1,7,6,3,6,9,2,7,9,7,9,9,8,8,1,8,9,1,5,4,1,9,9],
[9,2,4,9,8,3,7,6,4,1,1,3,8,3,9,1,9,3,3,6,9,3,9,9,8,5,9,7,9,6,5,3,9,2,2,1,5,8,8,1,9,2,2,1,3,9,2,3,5,2,3,4,6,4,9,6,6,7,6,8,3,1,1,7,1,6,3,6,9,4,9,8,1,1,8,1,4,1,6,6,2,3,5,2,7,9,7,9,7,1,1,8,8,2,9,2,6,5,1,9],
[1,9,9,9,9,4,2,3,8,1,9,3,1,4,5,9,1,2,8,3,8,1,1,1,3,7,5,4,8,6,7,7,9,7,7,1,7,8,1,2,9,9,7,2,6,6,9,9,1,7,6,5,8,3,9,8,9,9,9,4,2,9,1,9,5,6,5,6,7,8,3,1,6,6,2,8,7,3,9,9,1,7,2,1,3,5,9,7,8,1,9,3,4,1,2,9,9,4,8,8],
[3,2,9,9,9,8,1,9,9,7,5,9,7,8,1,3,9,7,1,1,4,9,2,9,1,9,8,1,3,4,9,3,3,9,4,4,8,8,6,3,6,9,9,7,2,8,1,2,7,6,1,9,1,8,9,8,7,1,1,6,7,5,5,9,2,4,9,7,5,7,2,8,9,9,9,9,9,2,9,9,9,3,5,3,9,1,3,8,2,3,7,7,6,5,9,2,1,7,7,3],
[6,1,9,2,5,3,9,8,7,9,1,9,9,4,9,3,2,2,9,6,2,5,7,8,9,7,9,7,2,6,1,4,7,8,5,6,5,2,9,8,2,3,1,5,6,7,9,2,9,2,7,3,3,5,2,3,3,4,6,3,2,3,8,8,4,4,2,4,6,7,7,1,7,9,7,7,9,5,1,4,7,8,2,2,5,7,9,3,9,9,6,3,2,8,9,7,1,1,9,6],
[1,1,2,7,6,2,9,1,8,4,2,3,2,7,4,6,6,4,2,3,8,8,7,4,8,8,8,1,4,1,4,4,4,6,6,6,6,8,8,1,7,9,5,2,9,5,7,1,7,2,9,1,9,8,1,6,3,2,7,5,8,9,6,7,5,4,6,8,9,1,7,3,6,1,7,1,1,3,3,2,5,7,8,1,3,1,7,9,7,9,2,3,7,4,9,4,1,9,1,6],
[3,2,8,2,3,9,1,4,8,3,5,6,5,9,5,4,9,8,9,8,6,1,6,6,3,8,6,9,4,1,2,9,9,9,9,8,9,7,3,5,6,3,5,2,1,6,6,4,9,9,6,3,4,9,1,9,4,8,1,1,4,7,7,2,7,9,8,9,3,8,7,7,2,5,4,3,3,7,2,7,8,1,6,9,5,7,4,7,1,2,1,5,2,1,1,8,9,8,8,1],
[9,9,9,9,1,8,3,7,6,1,9,4,8,9,7,9,8,2,1,7,8,5,7,1,8,3,6,9,9,7,9,7,3,5,7,2,3,9,1,1,8,1,5,4,8,6,9,8,9,2,3,2,6,5,6,2,5,7,7,1,7,4,4,1,1,8,4,1,1,8,2,6,1,7,4,9,6,9,9,8,5,1,9,5,7,1,3,7,5,8,9,7,2,1,4,4,4,7,6,9],
[3,7,9,4,8,5,6,1,1,1,8,3,1,2,8,3,7,5,9,1,4,9,2,6,1,9,5,7,8,7,3,9,2,4,6,7,6,7,1,5,7,2,7,9,2,9,6,4,8,9,7,1,3,2,1,7,9,3,1,6,8,8,3,6,6,7,8,1,8,8,1,7,1,6,1,1,6,4,9,2,9,1,8,7,9,2,8,9,9,6,9,9,8,7,9,9,2,6,7,1],
[9,8,1,5,8,8,9,9,2,5,5,1,9,3,2,5,4,6,7,9,9,3,1,1,2,8,1,9,9,2,1,9,9,9,8,1,8,5,4,1,9,3,9,1,1,7,6,7,6,2,9,6,9,9,4,8,2,1,9,5,6,4,9,6,5,9,9,7,9,6,9,8,5,9,6,8,2,1,5,9,3,1,9,4,2,1,1,8,4,7,9,1,6,2,5,3,5,5,3,2],
[7,5,2,1,1,8,2,6,8,3,5,6,3,9,2,9,9,4,7,6,9,3,8,5,1,9,8,9,8,9,9,7,1,2,7,6,8,1,9,5,8,3,3,9,1,9,1,6,1,7,6,9,1,8,2,1,5,1,6,2,9,2,1,9,1,1,1,3,9,6,7,7,3,9,8,9,2,1,5,3,2,5,1,8,9,6,2,7,4,8,3,6,9,6,9,5,9,8,1,9],
[6,2,5,3,7,4,3,8,9,1,2,5,9,9,6,3,4,5,5,9,7,1,9,5,8,1,5,7,3,9,5,6,1,9,6,8,9,8,9,7,9,5,3,9,6,7,8,8,9,7,7,5,3,8,8,2,2,3,4,6,1,2,7,9,4,8,5,1,9,8,1,1,9,1,8,2,5,6,3,8,4,9,9,5,1,4,1,5,3,1,8,9,6,1,9,6,8,9,9,3],
[1,3,1,7,3,3,1,9,5,9,8,8,9,6,2,1,1,6,9,2,1,1,3,1,8,7,9,3,3,9,9,7,9,3,1,8,1,2,3,7,3,9,4,9,1,5,2,8,8,8,8,7,5,1,7,4,9,8,1,9,1,5,7,5,2,1,8,9,9,1,9,4,2,9,5,8,6,9,7,1,7,7,9,3,4,9,8,4,2,9,8,9,8,8,1,8,6,7,1,8],
[3,5,6,1,5,8,4,3,6,8,7,1,7,8,8,9,8,5,9,6,9,1,6,1,8,8,9,1,8,3,1,1,4,9,6,5,7,7,8,6,8,3,4,9,1,4,4,8,6,1,9,1,1,7,8,2,1,8,8,3,2,2,4,4,3,5,3,2,8,9,9,4,8,2,6,8,3,9,3,7,8,8,5,2,7,9,9,8,9,4,2,8,2,4,2,8,9,3,8,6],
[4,1,7,9,8,1,8,6,5,1,1,8,6,1,3,7,3,9,8,8,8,9,3,9,8,3,1,9,1,7,9,9,1,1,5,1,6,1,3,9,2,8,5,9,9,9,1,1,1,8,9,3,1,1,3,4,7,9,8,2,9,7,3,9,9,8,8,3,9,8,5,9,9,2,8,9,3,2,5,8,1,8,2,9,1,5,8,9,9,8,6,6,9,8,9,8,8,8,2,8],
[6,1,9,8,7,6,5,3,1,8,9,9,9,4,3,4,6,4,9,1,9,6,6,5,8,5,1,6,9,3,9,8,5,9,9,9,9,2,8,8,7,8,1,3,5,2,5,5,8,5,7,4,8,8,7,2,2,9,1,8,3,1,1,7,9,7,3,8,9,1,5,6,3,7,1,2,6,5,5,5,6,1,2,5,1,7,2,9,9,9,3,7,4,5,1,7,1,3,4,2],
[3,9,9,1,1,2,1,4,2,6,9,4,7,9,5,9,6,8,1,1,8,5,1,7,4,3,6,5,6,9,8,5,7,6,1,5,3,5,7,6,9,2,6,6,1,2,7,7,1,1,8,7,4,8,9,7,9,2,2,5,9,1,9,6,9,9,2,8,9,5,7,1,9,5,9,2,4,5,5,3,9,3,2,7,1,6,2,6,9,7,2,9,3,1,3,6,1,3,6,7],
[9,9,5,9,9,8,1,3,8,9,5,8,9,6,9,3,5,7,9,2,8,7,3,7,8,4,6,9,1,8,7,5,3,8,4,9,9,9,9,9,8,9,6,8,3,7,2,3,6,2,8,7,6,8,9,5,9,9,8,4,2,8,7,6,9,4,6,2,8,9,3,9,8,9,3,6,9,6,9,8,6,8,1,8,9,1,7,9,7,8,6,6,9,5,2,8,6,7,9,7],
[8,4,9,1,5,1,4,8,3,9,8,6,5,1,3,9,7,7,4,9,8,4,1,3,8,7,1,5,8,1,1,2,8,1,2,8,8,8,1,8,8,1,6,8,5,6,9,6,7,3,8,2,8,5,5,8,6,8,9,7,6,8,9,6,2,7,8,6,9,2,1,2,2,2,9,1,4,9,2,9,5,1,8,6,1,4,3,9,9,1,4,7,9,2,5,7,6,5,6,8],
[8,2,9,8,9,9,5,1,5,9,1,6,7,9,1,1,5,7,5,9,6,5,5,1,1,8,9,1,2,3,7,5,9,1,8,3,6,5,8,9,6,8,6,7,8,7,9,3,5,2,8,7,7,1,9,8,9,7,3,1,3,8,4,8,9,5,8,9,9,3,1,8,2,8,4,2,8,9,9,8,8,7,9,1,2,7,1,9,1,9,8,1,4,2,1,3,6,9,5,7],
[4,9,3,1,2,2,8,5,3,7,3,9,9,1,6,8,7,7,9,8,6,7,8,1,8,7,1,9,9,3,4,9,9,3,4,9,1,9,2,1,7,6,5,9,9,2,2,9,5,9,1,9,9,8,9,2,1,6,9,9,8,1,9,9,7,7,9,3,1,8,5,8,9,5,9,2,1,2,4,9,9,5,2,5,9,9,1,2,7,7,9,6,1,1,5,5,9,5,4,8],
[9,9,4,7,9,7,8,2,1,9,3,8,6,7,9,5,9,8,5,6,2,4,1,2,5,1,9,8,9,2,1,8,3,9,2,4,9,8,3,1,2,6,7,9,9,9,8,9,7,1,2,4,6,6,5,3,5,3,9,3,6,1,2,2,1,8,2,9,7,2,9,9,7,1,1,3,2,3,9,7,7,1,9,4,8,6,1,2,8,1,1,4,8,6,4,1,3,3,4,3],
[9,1,3,6,8,7,1,9,1,7,9,2,3,1,6,8,9,3,7,8,9,1,9,1,1,9,9,4,6,1,8,8,2,7,5,9,2,5,4,3,1,8,9,6,3,9,2,9,1,9,3,4,8,9,8,7,8,9,6,9,4,9,3,9,7,2,9,9,9,4,5,5,4,8,9,5,8,4,4,2,9,8,4,9,5,9,4,7,4,4,8,9,4,1,8,9,8,9,9,5],
[9,9,1,6,4,6,2,3,6,1,4,5,1,2,5,8,7,7,4,4,4,9,6,2,9,2,8,8,9,4,9,9,9,5,2,9,1,4,9,2,9,2,7,1,1,8,4,4,3,5,9,5,1,6,6,3,4,9,8,9,2,2,2,1,5,8,7,2,1,6,8,6,4,5,9,8,7,2,7,5,8,8,8,9,4,6,1,9,1,2,4,2,3,2,7,2,9,9,2,1],
[6,1,5,7,1,4,5,9,5,5,6,7,9,3,7,1,9,7,1,1,1,6,1,8,9,6,9,4,4,6,8,9,4,4,5,5,3,1,9,9,4,7,9,9,1,9,2,1,6,6,1,4,4,4,3,5,4,9,7,7,7,7,9,1,1,5,9,2,7,7,4,9,8,9,4,9,9,4,1,2,9,7,3,9,9,1,9,8,6,8,7,9,1,9,6,9,8,1,1,3],
[4,7,5,4,1,5,7,8,9,4,4,1,1,2,9,9,1,5,1,9,2,8,9,8,3,4,3,3,9,1,6,8,3,5,4,7,9,9,7,1,3,9,6,7,1,9,6,1,5,2,6,5,6,5,4,6,3,9,1,8,9,9,9,9,1,9,1,9,4,7,1,8,1,6,8,9,1,6,8,2,1,3,1,9,9,6,7,5,7,3,9,4,2,1,4,8,8,9,8,5],
[3,7,9,2,3,8,9,8,5,4,2,5,6,2,8,7,7,5,5,4,9,9,2,7,5,2,8,3,3,7,8,1,8,9,7,7,4,5,9,5,8,9,1,1,6,8,9,4,9,6,7,9,2,3,8,3,3,6,5,9,3,8,6,8,3,9,9,4,6,4,4,4,9,5,1,6,8,6,5,8,2,6,7,5,7,3,9,2,8,6,3,5,6,9,1,3,5,9,4,7],
[8,8,1,7,7,7,9,8,9,9,9,7,8,1,2,2,6,8,9,6,3,6,8,4,7,2,3,7,5,8,8,7,9,5,5,9,1,9,6,3,9,1,8,2,4,8,8,7,8,9,7,9,8,4,4,2,9,8,2,1,7,8,9,6,9,8,1,9,3,3,7,9,3,9,4,9,3,4,9,3,8,7,8,9,9,8,1,1,9,8,7,1,3,9,1,5,3,6,9,6],
[9,9,9,2,1,7,8,4,1,8,1,8,3,8,9,3,3,6,6,2,9,9,5,3,3,1,7,7,9,9,2,4,3,9,4,5,7,6,8,3,7,7,9,8,8,2,5,9,2,3,9,6,3,8,4,3,5,1,9,8,8,4,1,9,1,6,1,8,6,3,1,3,5,9,1,8,9,8,6,4,1,1,2,9,6,2,5,3,7,8,3,1,4,7,8,1,6,6,9,9],
[7,5,1,9,3,9,9,8,7,6,6,4,3,4,8,6,9,5,8,5,8,8,9,2,8,4,6,3,3,5,6,6,6,8,8,9,5,5,6,8,1,9,9,9,7,9,4,2,1,9,1,5,1,9,6,7,3,8,9,1,5,9,9,1,1,9,9,3,9,1,1,1,7,6,7,8,1,2,6,5,8,3,4,9,8,9,1,5,1,8,8,5,8,3,8,9,2,9,5,8],
[1,9,8,9,3,9,6,5,2,5,9,7,8,8,1,2,9,8,6,7,1,8,6,9,4,5,7,8,8,1,1,2,4,9,9,1,6,9,9,9,1,2,6,1,7,9,7,6,1,7,1,7,5,1,9,5,9,9,8,1,5,3,5,9,9,9,8,9,8,6,9,3,9,6,8,8,1,2,1,5,8,6,8,9,9,7,6,3,1,4,4,2,1,1,1,9,1,6,9,9],
[7,8,8,9,8,3,9,9,1,9,7,6,2,1,3,7,5,5,1,4,8,9,1,5,4,2,6,7,1,6,6,3,5,5,6,3,1,2,2,6,9,3,1,2,9,4,2,8,9,1,9,3,9,9,9,2,5,9,2,5,8,8,9,9,5,7,4,1,1,7,6,1,9,2,3,3,9,1,9,4,8,7,9,9,4,8,8,1,9,1,8,5,9,8,9,9,3,2,4,9],
[2,9,7,4,9,9,1,3,9,2,8,7,3,6,9,2,6,9,2,9,2,5,9,9,9,3,9,8,3,6,5,2,9,9,8,2,3,5,9,6,3,7,1,1,2,2,8,4,3,8,6,4,5,9,3,2,2,8,7,4,5,2,1,9,2,6,7,7,1,1,5,4,7,4,5,9,7,8,7,2,4,6,2,4,9,7,2,3,7,9,1,3,8,5,1,1,9,7,4,7],
[1,2,1,9,5,3,9,2,2,8,8,8,1,5,1,1,2,1,9,6,4,4,3,9,5,7,6,8,9,3,6,9,2,9,9,8,8,8,9,9,8,1,8,7,5,8,1,3,1,1,7,4,5,8,3,2,5,7,8,9,9,9,9,8,3,2,9,9,3,9,7,8,2,6,3,9,9,7,2,1,6,5,8,4,9,5,6,8,4,9,5,3,5,5,9,7,8,9,8,5],
[3,6,9,5,3,2,9,7,9,3,1,9,7,9,6,3,1,7,8,8,6,9,9,6,2,8,1,5,2,3,3,1,5,6,8,8,3,9,9,9,1,4,4,5,4,9,4,9,7,1,2,7,9,6,9,7,1,1,3,6,6,9,9,4,7,4,9,8,7,7,8,8,2,8,8,1,3,9,3,9,6,1,9,3,1,4,6,7,4,6,6,1,1,6,9,9,4,2,1,4],
[4,1,2,9,7,9,7,9,8,7,8,9,9,9,9,1,1,9,7,8,1,9,7,9,7,5,6,9,9,5,9,2,2,5,3,9,8,2,8,9,4,9,1,1,4,1,7,2,5,2,9,7,8,2,3,9,8,9,8,2,5,2,7,6,9,3,4,1,6,9,4,1,8,3,4,8,2,9,9,2,1,8,6,8,1,3,8,8,5,1,1,1,9,6,1,6,5,6,4,7],
[9,9,1,8,1,5,1,6,4,6,9,1,3,7,8,5,9,9,1,5,7,5,3,7,9,5,9,6,1,7,8,3,3,9,9,9,6,9,3,1,7,9,9,1,7,9,9,1,8,9,7,4,9,1,8,9,1,1,6,9,1,7,9,9,3,5,1,1,4,3,3,4,1,7,8,8,9,1,4,5,4,6,1,9,2,1,9,1,4,9,5,2,7,5,2,5,3,4,3,8],
[7,2,8,5,9,1,8,5,9,2,4,4,4,3,7,8,5,1,9,5,6,1,8,1,5,8,9,9,8,9,3,2,4,1,1,8,7,9,1,8,6,9,9,7,6,4,6,8,9,5,6,4,7,8,7,9,1,4,7,5,8,7,3,9,5,3,4,6,4,9,6,5,9,4,9,9,9,9,8,2,2,7,7,6,3,1,5,1,8,2,7,9,4,4,7,5,3,1,6,9],
[9,9,9,9,8,7,4,9,9,8,2,7,8,5,9,5,1,2,7,4,4,2,3,2,9,8,9,1,3,5,5,8,2,9,4,1,8,6,9,2,1,8,5,9,8,6,9,7,1,3,9,7,9,8,3,6,7,9,3,7,9,9,1,2,9,8,4,4,9,5,8,8,4,9,8,9,9,9,8,9,7,8,1,5,6,9,7,9,9,3,7,9,2,9,8,4,2,7,9,9],
[9,2,3,2,6,1,4,5,7,7,9,9,9,1,2,8,8,4,1,1,1,9,9,3,6,6,4,7,9,5,5,9,1,7,3,9,6,1,8,8,2,5,8,9,9,7,7,8,9,8,6,4,5,1,9,7,4,5,9,1,9,1,8,7,5,9,9,8,7,1,1,9,6,9,9,8,9,4,2,1,6,9,1,8,2,2,2,9,1,1,8,7,8,3,3,9,8,7,6,5],
[9,8,1,3,8,2,9,8,9,8,6,8,9,7,3,6,9,6,4,6,7,2,8,6,6,9,9,7,3,1,2,6,1,3,5,5,1,2,5,1,4,9,9,2,1,8,2,8,1,4,6,8,6,5,9,4,9,8,2,5,6,9,1,1,5,3,3,6,4,8,9,5,7,9,1,9,9,7,1,9,8,5,2,5,5,1,9,1,8,4,6,9,9,9,2,1,5,6,5,3],
[8,9,9,8,2,3,3,6,4,6,9,1,2,3,3,1,9,9,6,9,4,4,9,6,4,6,6,3,2,6,6,6,1,9,2,1,3,9,2,1,7,1,7,5,5,3,9,3,1,9,5,1,1,5,9,9,8,8,6,3,2,3,8,1,3,5,4,1,8,9,2,1,5,9,5,1,1,6,1,4,1,3,7,8,7,8,6,8,7,9,9,2,7,9,8,2,9,5,3,2],
[7,6,9,4,9,9,9,8,8,9,6,9,9,9,4,2,4,2,6,1,7,9,7,4,8,1,2,1,6,5,7,6,1,7,9,6,3,1,8,9,9,7,3,7,8,9,8,1,7,1,8,9,9,1,9,8,8,1,3,9,2,5,6,4,7,6,9,7,1,7,9,9,2,3,4,9,2,9,1,2,8,9,9,6,1,2,8,2,1,9,7,8,9,4,9,5,7,2,1,9],
[6,9,4,7,8,6,8,5,9,2,9,9,8,1,9,1,1,6,2,5,4,9,3,2,9,8,1,9,9,5,6,3,8,3,9,2,4,9,9,1,6,3,4,8,9,3,4,8,7,1,9,8,2,8,5,1,8,2,1,9,8,8,8,9,5,9,2,3,9,5,8,2,1,7,1,2,7,4,1,2,8,7,8,6,3,1,4,7,8,9,1,5,5,9,8,3,1,4,9,9],
[8,9,9,9,1,1,2,8,8,5,4,8,5,6,4,8,3,9,7,5,1,9,9,6,7,4,9,9,5,4,4,4,7,4,1,4,4,5,9,1,6,8,9,5,4,2,9,9,7,1,9,4,8,9,5,7,9,1,9,1,7,9,9,9,8,9,1,9,7,9,4,9,1,8,2,1,3,1,9,7,5,1,1,6,4,5,1,3,2,8,9,8,6,9,3,8,1,9,5,7],
[1,9,9,1,6,9,2,9,4,9,4,9,6,1,9,8,4,9,1,7,5,8,7,5,1,3,1,1,5,7,1,6,7,7,8,5,1,6,5,1,3,8,7,1,2,1,9,3,9,9,8,4,7,9,8,9,3,8,4,8,6,2,7,6,9,2,1,9,7,3,9,8,7,4,5,1,1,9,9,5,4,2,1,9,9,6,8,6,4,9,1,9,5,1,2,3,1,7,2,2],
[9,8,6,3,3,7,9,2,9,9,6,9,8,2,3,1,8,1,1,2,9,8,6,8,3,6,4,9,3,9,8,6,3,4,5,9,4,8,5,2,4,4,9,2,3,1,8,8,9,6,1,6,4,2,9,8,5,7,9,8,4,4,9,6,7,9,9,9,1,6,6,4,2,9,8,6,5,5,4,4,1,3,3,9,1,8,1,8,3,8,9,3,9,2,9,6,6,4,6,1],
[5,9,4,1,6,1,8,7,5,3,5,3,9,9,9,5,9,9,9,1,2,1,8,5,9,5,4,8,9,9,7,9,9,5,1,9,8,6,2,8,9,1,3,8,1,4,6,1,4,9,7,7,1,8,9,9,2,7,9,2,4,8,9,9,1,6,9,2,5,8,9,1,9,6,5,5,2,9,9,8,7,2,6,9,5,9,6,9,9,9,5,4,9,1,7,2,5,3,9,9],
[5,5,3,9,9,8,6,7,3,8,2,9,7,4,9,7,8,6,5,5,3,7,3,9,9,1,1,5,2,3,5,5,3,2,8,7,9,1,9,5,9,7,8,9,4,8,6,9,9,8,3,1,7,4,1,9,9,9,1,9,9,9,1,9,9,9,3,1,9,8,4,2,1,5,5,9,3,7,8,9,9,2,1,2,4,4,6,7,3,6,1,9,2,9,9,8,9,5,7,8],
[7,7,6,5,4,4,3,9,4,8,3,7,7,6,7,1,5,2,1,5,6,9,6,1,6,8,5,1,5,2,9,9,2,8,6,9,9,9,4,2,5,9,3,7,9,8,7,1,9,1,8,3,1,4,9,2,7,1,8,2,9,8,5,9,7,9,2,1,9,9,8,9,9,9,5,1,8,9,9,5,8,3,9,9,7,3,9,6,7,1,6,2,3,3,9,1,8,2,1,9],
[1,2,5,1,2,1,7,8,2,1,6,8,3,7,7,9,7,9,7,2,6,3,6,2,8,8,2,3,7,6,8,3,5,2,9,9,1,9,4,3,5,8,9,7,9,9,1,8,1,3,6,8,3,3,2,9,1,6,1,7,6,3,9,1,9,6,6,5,3,9,4,7,6,6,4,1,3,9,7,9,2,7,1,9,7,6,9,7,7,5,3,5,9,8,2,1,9,5,6,9],
[2,9,2,5,4,9,5,2,3,1,7,7,4,8,7,6,4,8,3,3,2,9,3,2,1,2,3,7,6,2,7,8,9,3,8,4,4,8,1,1,2,7,5,4,7,9,8,9,6,1,9,9,9,1,9,8,1,3,3,1,9,7,4,1,3,9,7,8,2,6,8,6,7,1,1,4,1,9,1,5,1,4,7,9,6,1,8,7,9,9,9,6,4,1,5,1,3,8,2,6],
[3,4,9,9,2,8,2,9,6,1,9,3,2,5,2,7,8,9,6,7,8,3,9,1,8,9,9,6,1,7,6,3,9,3,2,7,9,9,8,6,1,5,6,1,4,3,7,4,8,1,1,3,8,6,1,9,4,7,2,2,5,9,9,6,5,9,8,9,3,7,9,8,3,6,3,7,8,9,1,3,7,8,4,8,9,1,6,5,1,9,3,2,9,3,5,8,9,5,2,6],
[7,8,7,9,6,9,9,7,1,9,7,8,1,4,7,8,1,4,4,3,9,7,1,5,7,3,7,6,7,1,6,5,9,3,5,1,7,9,7,2,7,6,6,1,9,6,4,3,6,2,5,4,9,4,7,6,8,3,8,6,2,8,8,9,9,3,9,8,1,7,9,1,7,9,6,8,4,5,3,9,7,7,8,5,6,1,7,4,5,8,4,2,1,2,4,6,4,9,6,2],
[3,8,5,9,8,9,4,7,9,5,7,9,8,2,8,9,8,4,2,9,1,7,8,9,7,3,3,9,5,2,3,5,8,1,9,3,7,9,2,9,1,9,8,7,9,6,8,3,9,8,9,2,6,2,8,2,9,1,9,3,4,9,4,7,7,4,3,8,3,9,8,2,9,3,1,9,8,9,1,7,7,9,1,2,2,2,8,8,9,5,1,9,9,5,8,3,2,2,6,2],
[3,9,6,3,3,4,8,2,5,9,2,7,8,2,5,9,8,6,8,2,8,8,9,7,8,8,8,8,8,8,6,9,9,9,2,2,5,3,8,9,9,9,8,7,2,6,5,5,1,6,4,2,9,4,4,7,1,6,5,8,6,4,3,9,5,7,7,1,3,1,2,7,5,8,1,4,3,4,4,3,7,9,7,6,7,4,1,7,7,2,9,9,7,2,8,9,8,4,9,4],
[2,3,5,1,5,6,3,9,6,7,7,1,8,7,7,9,3,8,2,9,5,6,9,6,2,3,9,7,9,1,8,6,8,6,3,9,9,4,2,6,4,8,9,3,1,3,5,3,6,7,2,7,9,8,8,9,8,6,4,7,3,1,8,8,2,3,8,1,6,9,1,4,8,3,8,6,8,5,3,7,6,8,2,8,8,8,9,4,9,1,1,1,2,3,9,9,5,9,7,2],
[4,5,6,6,8,9,4,5,4,9,3,8,9,1,9,9,6,6,8,9,2,9,6,1,5,8,9,8,9,1,5,8,2,1,3,9,5,1,3,1,2,2,7,2,8,5,9,8,9,3,3,9,3,9,9,8,8,6,9,3,2,9,8,2,5,7,2,8,1,7,9,1,3,8,1,4,9,1,2,2,7,4,3,8,9,4,8,1,9,8,2,7,6,8,6,1,9,1,2,9],
[6,7,3,8,2,7,8,9,2,9,9,2,5,9,1,8,3,7,6,2,6,2,1,9,1,1,6,1,5,2,7,3,3,6,7,9,9,6,4,9,4,7,7,1,7,1,1,9,9,6,3,9,9,2,8,7,4,8,7,9,7,2,3,3,9,8,4,2,9,4,7,9,2,1,9,1,7,7,9,3,7,4,5,9,7,3,9,8,5,9,4,7,9,9,9,2,2,2,9,9],
[4,9,9,8,8,9,4,1,2,2,9,8,8,2,5,9,6,4,3,8,5,6,9,8,7,2,4,7,7,1,7,1,2,2,7,1,2,6,6,5,8,6,3,8,7,1,1,9,7,1,9,6,3,8,7,4,9,5,1,8,5,8,7,1,7,5,8,2,3,9,8,4,7,9,9,8,7,7,2,4,8,8,2,5,3,2,8,1,8,3,9,3,1,1,8,7,7,9,8,5],
[4,4,2,9,8,2,8,3,2,8,7,9,6,2,7,2,7,6,6,8,8,7,3,1,1,3,7,7,9,9,4,8,5,7,9,9,6,8,5,9,1,6,2,6,7,1,9,9,9,8,4,5,3,9,9,6,2,6,9,9,3,1,9,1,9,8,8,1,8,9,9,8,1,7,2,4,1,6,4,2,8,2,9,2,1,4,9,8,9,8,3,2,6,9,9,7,9,6,7,8],
[1,1,6,4,5,6,9,6,8,1,7,4,8,7,5,7,6,6,9,9,1,3,4,8,9,8,2,3,3,2,1,9,9,8,8,1,8,3,2,5,3,3,1,6,9,1,6,9,8,1,9,8,2,7,7,5,5,3,3,1,9,9,5,1,6,9,8,7,6,9,9,1,9,9,4,9,9,8,9,9,5,5,1,9,1,9,2,1,8,9,9,5,9,9,7,1,8,5,7,5],
[6,1,7,7,4,2,8,9,7,2,1,9,4,8,8,2,7,5,1,1,7,2,8,3,1,1,6,3,6,1,3,9,6,8,4,9,6,9,6,5,9,8,8,2,3,6,1,9,5,9,6,5,9,4,5,8,8,8,3,1,9,6,1,9,5,9,9,1,3,8,7,9,3,2,3,1,7,8,9,8,1,4,7,9,7,1,5,1,5,6,5,3,9,7,9,9,8,5,8,2],
[9,4,9,5,9,9,6,9,9,1,8,5,3,2,5,9,4,1,5,8,2,8,7,1,2,4,9,2,9,7,1,4,9,5,3,9,9,1,4,4,9,9,7,1,6,1,5,7,8,9,3,3,7,4,3,2,3,1,9,9,9,4,4,3,9,9,9,1,5,1,1,3,2,9,2,6,7,7,8,9,9,8,8,3,7,8,9,4,1,4,9,1,4,9,1,8,9,1,8,9],
[9,7,9,5,3,9,7,6,8,5,6,8,6,9,9,9,3,7,9,8,9,8,9,8,1,4,8,6,2,3,3,4,9,9,6,5,4,2,3,1,1,8,5,5,9,9,3,5,2,7,8,8,6,1,8,9,1,5,1,6,5,5,4,9,6,8,8,1,7,6,9,9,1,4,5,3,9,3,5,6,4,1,8,7,9,6,6,5,9,6,7,9,5,7,9,6,1,3,5,6],
[3,8,5,6,9,3,3,1,4,1,8,9,9,3,1,2,5,9,9,6,9,7,3,1,6,6,8,3,3,8,5,8,4,9,6,6,6,5,1,1,3,1,4,1,7,7,1,1,9,6,1,8,6,5,9,8,8,9,3,2,8,6,1,5,7,6,6,5,9,7,1,9,3,9,9,1,8,4,4,9,1,9,4,2,7,5,9,6,6,4,9,4,1,6,1,8,9,4,4,4],
[3,6,1,1,3,4,8,9,6,9,7,9,3,6,4,9,6,7,1,1,1,9,4,3,7,1,2,7,8,9,4,4,9,8,8,8,5,7,8,5,4,2,5,9,8,8,8,7,6,1,9,1,2,1,8,6,6,8,9,9,3,8,8,9,1,7,5,9,9,6,9,9,4,8,7,1,2,9,6,1,7,9,1,5,3,6,6,6,9,4,6,8,6,2,6,7,5,9,2,3],
[9,2,8,4,2,6,2,3,1,1,9,8,8,9,9,9,6,6,2,1,8,8,6,9,4,8,7,7,5,4,9,8,9,8,1,2,9,9,1,1,9,7,9,4,4,8,7,2,1,1,8,8,9,5,8,7,8,5,1,5,6,9,2,8,1,9,9,3,3,1,2,2,1,7,7,5,1,3,8,1,1,6,3,2,8,3,6,5,6,7,1,2,1,9,7,9,5,8,9,4],
[8,5,5,6,1,2,4,1,3,6,9,8,7,9,9,3,7,7,7,5,6,7,9,8,9,9,1,2,9,2,7,6,1,9,2,3,1,9,9,1,1,5,9,7,4,3,4,2,1,9,8,1,8,7,3,7,4,9,1,2,6,9,9,3,8,9,1,6,9,1,2,1,7,6,8,6,4,2,8,1,7,7,4,5,3,4,7,9,6,7,2,5,5,1,9,9,1,3,3,2],
[8,7,5,8,9,1,9,7,7,7,2,7,1,6,6,3,1,8,3,4,9,9,6,7,3,1,4,6,4,9,2,7,6,9,9,4,7,1,7,8,9,8,9,5,3,9,9,2,1,9,7,8,1,6,9,9,8,1,1,6,7,8,3,2,6,7,9,2,3,9,3,2,9,3,8,1,7,1,6,2,2,3,9,2,6,1,3,5,3,9,3,5,6,9,8,5,7,3,9,9],
[9,6,9,3,6,3,9,1,1,3,2,2,8,6,9,5,7,4,9,8,9,8,8,6,9,5,8,6,9,7,4,1,1,9,1,2,9,6,3,7,6,9,5,8,7,5,3,9,8,8,1,8,2,7,8,8,1,2,5,9,9,4,9,6,5,1,3,5,3,6,9,2,5,9,1,9,1,3,9,5,3,9,1,9,5,3,6,1,7,6,1,6,6,1,9,9,7,8,3,6],
[1,9,7,1,9,7,1,1,5,7,5,8,9,7,1,5,3,1,7,6,8,5,2,5,9,1,1,6,9,8,9,9,7,1,8,8,7,3,5,9,1,9,9,7,9,2,2,6,9,8,9,2,5,8,7,9,5,5,9,9,2,5,7,8,1,2,1,3,9,9,7,9,7,7,1,9,6,2,5,9,3,5,1,9,2,6,6,7,1,5,9,7,1,9,1,6,2,9,4,9],
[4,3,7,8,4,7,3,7,4,2,3,7,9,1,9,8,6,9,1,7,9,7,9,5,8,4,9,4,9,1,1,9,9,5,8,5,4,8,7,7,3,3,4,8,2,3,2,9,8,8,2,9,9,9,6,7,9,9,6,8,8,8,9,7,4,6,7,1,1,1,9,6,9,8,7,9,4,1,9,4,3,6,2,8,5,4,8,6,6,2,4,9,1,9,9,1,9,7,9,1],
[9,7,7,6,7,9,3,9,1,7,9,6,8,1,4,4,7,9,6,1,9,1,7,8,4,4,6,9,4,1,6,4,9,1,9,5,1,7,9,2,9,8,1,9,7,6,3,1,7,4,9,8,5,7,8,4,3,3,9,2,6,7,8,5,4,8,7,9,2,1,9,7,9,1,2,9,1,9,9,3,7,7,9,2,5,3,5,8,3,5,8,9,4,6,6,8,6,8,9,9],
[1,9,1,1,7,4,9,6,3,5,8,5,4,7,8,1,1,5,8,8,3,9,4,5,8,1,9,7,2,6,7,7,9,1,4,9,7,4,2,1,9,5,5,8,9,6,2,4,2,7,9,3,1,3,8,9,7,9,3,8,3,9,2,9,3,4,1,1,9,2,2,1,6,6,1,9,4,7,1,6,4,9,9,9,7,5,5,6,7,1,8,2,9,6,1,9,1,9,8,2],
[3,9,2,2,5,9,3,8,9,4,7,9,6,2,5,9,6,3,7,8,3,6,6,4,9,6,9,8,2,2,4,8,9,9,5,4,5,8,7,8,9,1,4,2,6,6,1,1,9,6,3,5,9,1,6,9,5,3,7,9,1,7,1,6,8,1,9,4,8,1,7,5,6,4,3,7,2,9,7,9,9,1,9,7,8,9,9,7,3,5,9,2,3,8,6,7,1,2,9,2],
[9,9,5,9,9,5,2,8,1,4,9,2,5,9,4,7,1,4,5,7,6,2,5,9,6,8,3,7,6,9,8,6,6,3,1,9,9,7,7,7,3,7,8,1,1,5,9,7,3,9,4,6,9,9,3,7,1,1,3,2,9,3,9,9,1,7,8,2,4,2,1,7,8,9,3,4,3,8,3,1,9,9,8,4,9,6,5,4,1,5,4,1,1,4,5,2,9,9,4,8],
[6,1,1,1,9,8,9,7,5,2,1,1,6,2,3,9,8,9,9,4,8,5,8,7,9,1,4,8,9,9,8,6,9,1,7,5,9,8,9,2,9,9,8,9,7,7,8,9,9,1,7,2,6,1,6,1,1,9,4,7,8,2,9,9,8,2,9,3,3,2,9,2,4,5,7,5,1,3,2,6,1,8,9,7,9,4,1,2,6,1,4,6,9,1,5,1,1,1,9,5],
[9,1,8,3,4,7,3,6,2,5,1,1,5,5,5,9,8,7,8,2,9,7,6,1,2,7,1,3,9,2,9,7,7,9,9,9,9,9,8,8,1,9,4,8,2,8,4,4,1,8,9,2,8,8,9,7,7,3,2,7,1,3,8,7,8,9,3,1,7,5,3,1,7,7,6,3,4,9,1,5,7,6,7,3,9,8,9,2,2,9,3,2,9,7,2,2,9,9,4,3],
[1,4,5,6,4,7,3,9,3,1,7,2,1,6,9,8,7,8,7,9,9,5,5,6,2,8,2,8,9,9,3,7,6,2,2,9,7,4,9,8,6,8,9,9,9,8,6,9,9,5,3,5,4,5,5,8,8,1,8,9,2,5,3,4,2,9,6,8,9,8,1,9,6,1,2,6,7,5,6,9,6,8,5,9,7,7,7,9,9,1,3,7,8,4,9,1,8,8,9,6])
#since you start in the top left, you can only move down and to the right. This is used to start the while loop that will keep going until all possible paths have been calculated
tempadd(0,0,0,1,cavemap[0][1])
tempadd(0,0,1,0,cavemap[1][0])

while len(temporaryitems) != 0:
  checkforlowest()
  #print(newshortestpath, min)
  shortmap[newshortestpath[0]][newshortestpath[1]] = min
  try:
    if shortmap[newshortestpath[0]-1][newshortestpath[1]] == 1e25 and newshortestpath[0] - 1 > -1 and newshortestpath[0]-1 < 100:
      tempadd(newshortestpath[0], newshortestpath[1], newshortestpath[0]-1,newshortestpath[1],min+cavemap[newshortestpath[0]-1][newshortestpath[1]])
  except:
    if 17 == 16:
      print("Confusion")
  try: 
    if shortmap[newshortestpath[0]][newshortestpath[1]+1] == 1e25 and newshortestpath[1] +1 > -1 and newshortestpath[1]+1 < 100:
      tempadd(newshortestpath[0], newshortestpath[1], newshortestpath[0],newshortestpath[1]+1,min+cavemap[newshortestpath[0]][newshortestpath[1]+1])
  except:
    if 17 == 16:
      print("Confusion")
  try:  
    if shortmap[newshortestpath[0]+1][newshortestpath[1]] == 1e25 and newshortestpath[0] +1  > -1 and newshortestpath[0]+1 < 100:
      tempadd(newshortestpath[0], newshortestpath[1], newshortestpath[0]+1,newshortestpath[1],min+cavemap[newshortestpath[0]+1][newshortestpath[1]])
  except:
    if 17 == 16:
      print("Confusion")
  try:  
    if shortmap[newshortestpath[0]][newshortestpath[1]-1] == 1e25 and newshortestpath[1] - 1 > -1 and newshortestpath[1]-1 < 100:
      tempadd(newshortestpath[0], newshortestpath[1], newshortestpath[0],newshortestpath[1]-1,min+cavemap[newshortestpath[0]][newshortestpath[1]-1])
  except:
    if 17 == 16:
      print("Confusion")
  
  i = 0
  while i < len(temporaryitems):
    if temporaryitems[i][1] == newshortestpath:
      temporaryitems.pop(i)
      i -=1
    i += 1

print(shortmap[99][99])
